    unsorted:	 0.05243164667 0.04890205228 0.04698514127 0.04320299694 1018.706594 1050.222834 1060.136079 1002.240570 973.3418799 957.6487479 919.8590175 907.5453627 879.4157423 853.1953691 849.7589760 816.2311985 807.5048632 767.5233403 759.1600804 712.6740511 717.3663278 685.5847315 658.0087017 1101.295401 630.2933783 617.0963557 593.9109631 591.0903872 567.4583085 1130.746717 1167.356183 1172.483746 1206.648546 488.3677222 459.0058345 1246.727906 1287.963910 414.0382520 378.6814688 359.7141205 337.5825256 328.5877287 314.4710230 246.1614379 268.3268400 234.7376598 214.3219498 181.4111276 164.0762341 140.3247925 144.8500129 150.1638011 96.19727585 100.3430230 91.61203285 114.1173079 78.32767240 49.65475813 46.02544224 33.89354575 22.65015302 16.04460678 7.546781154 4.342017200 1322.333972 1353.415116 1361.870258 1399.336812 1437.222977 1473.209062 1509.362472 1544.525464 1577.345744 1611.125882 1642.500440 1678.981554 1706.246890 1700.270341 1736.927479 1762.219045 1784.447839 1815.912843 1837.895504 1863.270568 1884.991937 1888.737562 1906.626088 1926.446527 1945.280319 1964.534845 1982.006835 1993.680894 2002.302754 2012.040557 2021.272130 2035.096456 2066.239635 2118.665745 2562.388407 4866.916583 10688.34644 23342.16043 22145.98858 29922.32273 27712.65668 26653.76529 42891.70060 68162.83254 112168.3843 137658.6861 244677.1158 916139.4105
      sorted:	 0.04320299694 0.04698514127 0.04890205228 0.05243164667 4.342017200 7.546781154 16.04460678 22.65015302 33.89354575 46.02544224 49.65475813 78.32767240 91.61203285 96.19727585 100.3430230 114.1173079 140.3247925 144.8500129 150.1638011 164.0762341 181.4111276 214.3219498 234.7376598 246.1614379 268.3268400 314.4710230 328.5877287 337.5825256 359.7141205 378.6814688 414.0382520 459.0058345 488.3677222 567.4583085 591.0903872 593.9109631 617.0963557 630.2933783 658.0087017 685.5847315 712.6740511 717.3663278 759.1600804 767.5233403 807.5048632 816.2311985 849.7589760 853.1953691 879.4157423 907.5453627 919.8590175 957.6487479 973.3418799 1002.240570 1018.706594 1050.222834 1060.136079 1101.295401 1130.746717 1167.356183 1172.483746 1206.648546 1246.727906 1287.963910 1322.333972 1353.415116 1361.870258 1399.336812 1437.222977 1473.209062 1509.362472 1544.525464 1577.345744 1611.125882 1642.500440 1678.981554 1700.270341 1706.246890 1736.927479 1762.219045 1784.447839 1815.912843 1837.895504 1863.270568 1884.991937 1888.737562 1906.626088 1926.446527 1945.280319 1964.534845 1982.006835 1993.680894 2002.302754 2012.040557 2021.272130 2035.096456 2066.239635 2118.665745 2562.388407 4866.916583 10688.34644 22145.98858 23342.16043 26653.76529 27712.65668 29922.32273 42891.70060 68162.83254 112168.3843 137658.6861 244677.1158 916139.4105
