    unsorted:	 246.7401105 246.7401105 246.7401105 246.7401105 246.7401105 246.7401105 246.7401105 246.7401105 246.7401105 246.7401105 246.7401105 246.7401105 238.3044571 236.3301619 234.4463073 240.3733981 228.2087673 222.1204583 214.8674417 250.2334891 209.9181175 205.8991356 270.2922474 266.8732080 275.8825319 276.6263901 192.0141555 187.8413660 312.7514703 317.3082013 322.1095528 329.3378528 156.9569095 161.8520389 147.9659460 346.8561182 134.9093120 123.1266837 108.3176105 387.4461650 396.2372290 87.92638298 74.64906236 62.68674705 418.4341367 54.11777599 431.8714837 43.33991041 18.03820791 496.6674650 515.5634359 556.8795562 573.4909337 578.6653238 645.3714798 725.4553648 808.5988432 819.1333210 1143.339352 1166.868192 1504.676571 1675.096177 2783.606334 2819.140975 2883.126744 7455.713422 21424.05572 29884.74993 34429.77221 66015.87526 118038.7783 267398.0750 1348145.930
      sorted:	 18.03820791 43.33991041 54.11777599 62.68674705 74.64906236 87.92638298 108.3176105 123.1266837 134.9093120 147.9659460 156.9569095 161.8520389 187.8413660 192.0141555 205.8991356 209.9181175 214.8674417 222.1204583 228.2087673 234.4463073 236.3301619 238.3044571 240.3733981 246.7401105 246.7401105 246.7401105 246.7401105 246.7401105 246.7401105 246.7401105 246.7401105 246.7401105 246.7401105 246.7401105 246.7401105 250.2334891 266.8732080 270.2922474 275.8825319 276.6263901 312.7514703 317.3082013 322.1095528 329.3378528 346.8561182 387.4461650 396.2372290 418.4341367 431.8714837 496.6674650 515.5634359 556.8795562 573.4909337 578.6653238 645.3714798 725.4553648 808.5988432 819.1333210 1143.339352 1166.868192 1504.676571 1675.096177 2783.606334 2819.140975 2883.126744 7455.713422 21424.05572 29884.74993 34429.77221 66015.87526 118038.7783 267398.0750 1348145.930
